          14
           0
          12
           0
           0
           0
           3
   0.0000000000000000      -0.42264973081037421        0.0000000000000000        0.0000000000000000      -0.42264973081037421        1.0000000000000000        0.0000000000000000      -0.71132486540594619        0.0000000000000000       0.25000000000000000      -0.27831216351335492        0.0000000000000000      -0.25000000000000000      -0.27831216351335492        0.0000000000000000        0.0000000000000000      -0.71132486540594619        1.0000000000000000      -0.25000000000000000      -0.27831216351335492        1.0000000000000000       0.25000000000000000      -0.27831216351335492        1.0000000000000000      -0.37500000000000000      -0.63915608175663441        0.0000000000000000       0.37500000000000000      -0.63915608175747907        0.0000000000000000        0.0000000000000000        1.0362971081409799E-002   0.0000000000000000      -0.37500000000000000      -0.63915608175663441        1.0000000000000000       0.37500000000000000      -0.63915608175747907        1.0000000000000000        0.0000000000000000        1.0362971081409799E-002   1.0000000000000000     
           3          10          13           6           9           3           6          12           5           9          12          12          11           5           7          14          10           4           8          13           4          11          14           8           9           3           1           5           3          10           4           1           4          11           5           1          12           6           2           7           6          13           8           2           8          14           7           2
          21          21          21          21          21          21          22          22          22          23          23          23
           9           3           1           5          12           6           2           7           3          10           4           1           6          13           8           2           4          11           5           1           8          14           7           2
